v(c(1,1),[1,2,3,4,5,6,7,8,9],_),
v(c(1,2),[1,2,3,4,5,6,7,8,9],_),
v(c(1,3),[1,2,3,4,5,6,7,8,9],_),
v(c(1,4),[1,2,3,4,5,6,7,8,9],_),
v(c(1,5),[1,2,3,4,5,6,7,8,9],_),
v(c(1,6),[1,2,3,4,5,6,7,8,9],_),
v(c(1,7),[1,2,3,4,5,6,7,8,9],_),
v(c(1,8),[1,2,3,4,5,6,7,8,9],_),
v(c(1,9),[1,2,3,4,5,6,7,8,9],_),
v(c(2,1),[1,2,3,4,5,6,7,8,9],_),
v(c(2,2),[1,2,3,4,5,6,7,8,9],_),
v(c(2,3),[1,2,3,4,5,6,7,8,9],_),
v(c(2,4),[1,2,3,4,5,6,7,8,9],_),
v(c(2,5),[1,2,3,4,5,6,7,8,9],_),
v(c(2,6),[1,2,3,4,5,6,7,8,9],_),
v(c(2,7),[1,2,3,4,5,6,7,8,9],_),
v(c(2,8),[1,2,3,4,5,6,7,8,9],_),
v(c(2,9),[1,2,3,4,5,6,7,8,9],_),
v(c(3,1),[1,2,3,4,5,6,7,8,9],_),
v(c(3,2),[1,2,3,4,5,6,7,8,9],_),
v(c(3,3),[1,2,3,4,5,6,7,8,9],_),
v(c(3,4),[1,2,3,4,5,6,7,8,9],_),
v(c(3,5),[1,2,3,4,5,6,7,8,9],_),
v(c(3,6),[1,2,3,4,5,6,7,8,9],_),
v(c(3,7),[1,2,3,4,5,6,7,8,9],_),
v(c(3,8),[1,2,3,4,5,6,7,8,9],_),
v(c(3,9),[1,2,3,4,5,6,7,8,9],_),
v(c(4,1),[1,2,3,4,5,6,7,8,9],_),
v(c(4,2),[1,2,3,4,5,6,7,8,9],_),
v(c(4,3),[1,2,3,4,5,6,7,8,9],_),
v(c(4,4),[1,2,3,4,5,6,7,8,9],_),
v(c(4,5),[1,2,3,4,5,6,7,8,9],_),
v(c(4,6),[1,2,3,4,5,6,7,8,9],_),
v(c(4,7),[1,2,3,4,5,6,7,8,9],_),
v(c(4,8),[1,2,3,4,5,6,7,8,9],_),
v(c(4,9),[1,2,3,4,5,6,7,8,9],_),
v(c(5,1),[1,2,3,4,5,6,7,8,9],_),
v(c(5,2),[1,2,3,4,5,6,7,8,9],_),
v(c(5,3),[1,2,3,4,5,6,7,8,9],_),
v(c(5,4),[1,2,3,4,5,6,7,8,9],_),
v(c(5,5),[1,2,3,4,5,6,7,8,9],_),
v(c(5,6),[1,2,3,4,5,6,7,8,9],_),
v(c(5,7),[1,2,3,4,5,6,7,8,9],_),
v(c(5,8),[1,2,3,4,5,6,7,8,9],_),
v(c(5,9),[1,2,3,4,5,6,7,8,9],_),
v(c(6,1),[1,2,3,4,5,6,7,8,9],_),
v(c(6,2),[1,2,3,4,5,6,7,8,9],_),
v(c(6,3),[1,2,3,4,5,6,7,8,9],_),
v(c(6,4),[1,2,3,4,5,6,7,8,9],_),
v(c(6,5),[1,2,3,4,5,6,7,8,9],_),
v(c(6,6),[1,2,3,4,5,6,7,8,9],_),
v(c(6,7),[1,2,3,4,5,6,7,8,9],_),
v(c(6,8),[1,2,3,4,5,6,7,8,9],_),
v(c(6,9),[1,2,3,4,5,6,7,8,9],_),
v(c(7,1),[1,2,3,4,5,6,7,8,9],_),
v(c(7,2),[1,2,3,4,5,6,7,8,9],_),
v(c(7,3),[1,2,3,4,5,6,7,8,9],_),
v(c(7,4),[1,2,3,4,5,6,7,8,9],_),
v(c(7,5),[1,2,3,4,5,6,7,8,9],_),
v(c(7,6),[1,2,3,4,5,6,7,8,9],_),
v(c(7,7),[1,2,3,4,5,6,7,8,9],_),
v(c(7,8),[1,2,3,4,5,6,7,8,9],_),
v(c(7,9),[1,2,3,4,5,6,7,8,9],_),
v(c(8,1),[1,2,3,4,5,6,7,8,9],_),
v(c(8,2),[1,2,3,4,5,6,7,8,9],_),
v(c(8,3),[1,2,3,4,5,6,7,8,9],_),
v(c(8,4),[1,2,3,4,5,6,7,8,9],_),
v(c(8,5),[1,2,3,4,5,6,7,8,9],_),
v(c(8,6),[1,2,3,4,5,6,7,8,9],_),
v(c(8,7),[1,2,3,4,5,6,7,8,9],_),
v(c(8,8),[1,2,3,4,5,6,7,8,9],_),
v(c(8,9),[1,2,3,4,5,6,7,8,9],_),
v(c(9,1),[1,2,3,4,5,6,7,8,9],_),
v(c(9,2),[1,2,3,4,5,6,7,8,9],_),
v(c(9,3),[1,2,3,4,5,6,7,8,9],_),
v(c(9,4),[1,2,3,4,5,6,7,8,9],_),
v(c(9,5),[1,2,3,4,5,6,7,8,9],_),
v(c(9,6),[1,2,3,4,5,6,7,8,9],_),
v(c(9,7),[1,2,3,4,5,6,7,8,9],_),
v(c(9,8),[1,2,3,4,5,6,7,8,9],_),
v(c(9,9),[1,2,3,4,5,6,7,8,9],_),
